GENERAL STATS
-------------

Average BW : 3.38735 GB/s 
cycles : 302542266
ATOMIC_ADD : 0
ATOMIC_CAS : 0
ATOMIC_FADD : 0
ATOMIC_MIN : 0
LD : 75900208
ST : 41039983
total_instructions : 819753085
l1_load_hits : 431699171
l1_load_misses : 244414808
l2_load_hits : 10691572
l2_load_misses : 2700012
L1 Miss Rate: 36.4047%
L2 Miss Rate: 20.9819%
cache_access : 757629378
dram_accesses : 8006371
global_energy : 0.655926 Joules
global_avg_power : 6.93776 Watts
Average Global Simulation Speed: 247383 Instructions per sec 

Total Number of Compute Instructions: 702812894
Total Number of Memory Instructions: 116940191
Percent of Instructions Spent on Memory: 14.265
Percent of Instructions Spent on Loads: 9.259
Percent of Instructions Spent on Stores: 5.006
Percent of Memory Instructions Spent on Loads: 64.905
Percent of Memory Instructions Spent on Stores: 35.095

Calculated L1 Miss Rate: 36.15
Calculated LLC Miss Rate: 0.399
Calculated Compute to Memory Ratio: 6.01
Calculated IPC: 2.71

MEMORY ACCESS STATS
-------------------

Node ID		# Executions	L1 Hit Rate	L2 Hit Rate	Total Mem Latency	Average Mem Latency
1		1		0.0		0.0		1			1.0
5		1		0.0		0.0		1			1.0
1334		1		0.0		0.0		1			1.0
1336		1		0.0		0.0		1			1.0
1351		2159999		0.956		0.97		24283474			11.242
1358		343320		0.894		0.917		6949081			20.241
1366		343320		0.894		0.917		6789017			19.775
1374		343320		0.894		0.917		6725393			19.589
1382		343320		0.855		0.905		7962460			23.193
1390		343320		0.855		0.906		7728401			22.511
1398		343320		0.855		0.906		8000417			23.303
1406		343320		0.855		0.906		7834446			22.82
1347		2159999		0.945		0.964		24649619			11.412
1422		343320		0.848		0.907		7704370			22.441
1414		343320		0.848		0.906		7873358			22.933
1430		343320		0.848		0.907		7493712			21.827
1438		343320		0.848		0.908		7773346			22.642
1446		343320		0.841		0.908		7946461			23.146
1454		343320		0.841		0.908		7598587			22.133
1462		343320		0.841		0.908		7232739			21.067
1470		343320		0.841		0.908		7952323			23.163
1478		343320		0.83		0.898		8634651			25.15
1486		343320		0.83		0.899		8375693			24.396
1494		343320		0.83		0.899		8766398			25.534
1354		343320		0.107		1.0		20412580			59.456
1378		343320		0.244		1.0		16333491			47.575
1362		343320		0.963		1.0		2471030			7.197
1370		343320		0.105		0.959		26975876			78.574
1386		343320		0.0		1.0		32995256			96.106
1394		343320		0.957		0.989		3281262			9.557
1474		343320		0.968		0.989		2741776			7.986
1402		343320		0.1		0.775		46059305			134.159
1482		343320		0.251		0.775		37390235			108.908
1410		343320		0.979		1.0		1970252			5.739
1418		343320		0.958		1.0		3074552			8.955
1426		343320		0.41		0.959		14926498			43.477
1434		343320		0.0		0.959		37217246			108.404
1442		343320		0.958		1.0		3075763			8.959
1450		343320		0.0		1.0		32996177			96.109
1458		343320		0.957		0.959		7319858			21.321
1466		343320		0.0		0.0		135956766			396.006
1490		343320		0.957		0.989		4169991			12.146
1498		343320		0.0		0.724		61369729			178.754
1502		1816679		0.999		0.999		9337958			5.14
1506		1816679		0.999		0.999		7523900			4.142
1510		1816679		0.999		0.999		5707222			3.142
1514		1816679		0.999		0.999		3985511			2.194
1518		1816679		0.999		0.999		2172128			1.196
1522		1816679		0.999		0.999		9333100			5.137
1526		1816679		0.999		0.999		7516482			4.137
1530		1816679		0.999		0.999		5702764			3.139
1534		1816679		0.999		0.999		3975956			2.189
1538		1816679		0.999		0.999		2161838			1.19
1542		1816679		0.999		0.999		9328675			5.135
1546		1816679		0.999		0.999		7490529			4.123
1550		1816679		0.999		0.999		5306868			2.921
1554		1816679		0.999		0.999		4497950			2.476
1558		1816679		0.999		0.999		2795882			1.539
1562		1816679		0.999		0.999		8589035			4.728
1566		1816679		0.999		0.999		4554362			2.507
1570		1816679		0.999		0.999		2738004			1.507
1624		1816679		0.999		0.999		9355835			5.15
1640		1816679		0.999		0.999		9355835			5.15
1654		1816679		0.999		0.999		9320386			5.13
1669		1816679		0.999		0.999		9259212			5.097
1683		1816679		0.999		0.999		2294059			1.263
1698		1816679		1.0		1.0		8968211			4.937
1712		1816679		1.0		1.0		7151853			3.937
1729		1816679		1.0		1.0		4958175			2.729
1746		1816679		1.0		1.0		3223235			1.774
1762		1816679		1.0		1.0		3842107			2.115
1778		1816679		1.0		1.0		8527871			4.694
1794		1816679		1.0		1.0		6364912			3.504
1810		1816679		1.0		1.0		3056688			1.683
1639		1816679		0.745		1.0		51181093			28.173
1623		1816679		1.0		1.0		9080563			4.998
1827		1816679		1.0		1.0		9083391			5.0
1843		1816679		1.0		1.0		3661169			2.015
1859		1816679		1.0		1.0		8914343			4.907
1682		1816679		0.755		1.0		49614245			27.31
1875		1816679		1.0		1.0		8261888			4.548
1711		1816679		0.996		1.0		9461757			5.208
1891		1816679		1.0		1.0		9064232			4.989
1745		1816679		0.745		1.0		28387313			15.626
1761		1816679		1.0		1.0		9083391			5.0
1777		1816679		1.0		1.0		9083391			5.0
1653		1816679		1.0		1.0		9083391			5.0
1668		1816679		0.0		1.0		174401089			96.0
1728		1816679		0.0		1.0		174401089			96.0
1906		1816679		1.0		1.0		9083391			5.0
1809		1816679		0.992		1.0		10350384			5.697
1826		1816679		0.0		1.0		174401089			96.0
1842		1816679		1.0		1.0		9094038			5.006
1858		1816679		0.0		0.755		307420009			169.221
1697		1816679		0.002		0.745		129649540			71.366
1874		1816679		0.992		1.0		10350384			5.697
1890		1816679		0.744		0.99		37508544			20.647
1793		1816679		0.0		0.0		719404489			396.0
1911		1		0.0		0.0		1			1.0
1912		1		0.0		0.0		1			1.0
1913		1		1.0		1.0		1			1.0
1914		1		1.0		1.0		1			1.0

Node ID of Long-Latency Access: 1793
Long-Latency Access (cycles): 719404489
Long-Latency Access L2 Hit Rate: 0.0

L1 Hit Rate: 0.851
L2 Hit Rate: 0.965
Total Accesses: 116940192
Total Mem Access Latency (cycles): 2837451587
Avg Mem Access Latency (cycles): 24
Mean # DRAM Accesses Per 1024-cycle Epoch: 9
Median # DRAM Accesses Per 1024-cycle Epoch: 13
Max # DRAM Accesses Per 1024-cycle Epoch: 209

Percent of Total Latency Spent on Memory: 937.869
Percent of Total Latency Spent on Long-Latency Access: 237.786
Percent of Memory Latency Spent on Long-Latency Access: 25.354

