GENERAL STATS
-------------

Average BW : 1.99878 GB/s 
cycles : 512721043
ATOMIC_ADD : 0
ATOMIC_CAS : 0
ATOMIC_FADD : 0
ATOMIC_MIN : 0
LD : 75900208
ST : 41039983
total_instructions : 817593085
l1_load_hits : 512150458
l1_load_misses : 163963521
l2_load_hits : 10691572
l2_load_misses : 2700011
L1 Miss Rate: 24.8718%
L2 Miss Rate: 20.9819%
cache_access : 758988255
dram_accesses : 8006370
global_energy : 1.05001 Joules
global_avg_power : 6.55334 Watts
Average Global Simulation Speed: 233073 Instructions per sec 

Total Number of Compute Instructions: 700652894
Total Number of Memory Instructions: 116940191
Percent of Instructions Spent on Memory: 14.303
Percent of Instructions Spent on Loads: 9.283
Percent of Instructions Spent on Stores: 5.02
Percent of Memory Instructions Spent on Loads: 64.905
Percent of Memory Instructions Spent on Stores: 35.095

Calculated L1 Miss Rate: 24.251
Calculated LLC Miss Rate: 0.399
Calculated Compute to Memory Ratio: 5.992
Calculated IPC: 1.595

MEMORY ACCESS STATS
-------------------

Node ID		# Executions	L1 Hit Rate	L2 Hit Rate	Total Mem Latency	Average Mem Latency
1		1		0.0		0.0		1			1.0
5		1		1.0		1.0		1			1.0
1334		1		0.0		0.0		1			1.0
1336		1		0.0		0.0		1			1.0
1351		2159999		0.958		0.981		17494170			8.099
1358		343320		0.876		0.944		4484517			13.062
1366		343320		0.88		0.944		4550511			13.254
1374		343320		0.88		0.944		4280378			12.468
1382		343320		0.88		0.944		4195200			12.22
1390		343320		0.88		0.944		4324520			12.596
1398		343320		0.88		0.944		3951004			11.508
1406		343320		0.884		0.944		3995141			11.637
1347		2159999		0.951		0.967		17441602			8.075
1422		343320		0.91		0.944		3671181			10.693
1470		343320		0.903		0.944		3644733			10.616
1414		343320		0.91		0.944		4252020			12.385
1430		343320		0.91		0.944		3716032			10.824
1438		343320		0.91		0.944		4014883			11.694
1446		343320		0.903		0.944		3816922			11.118
1454		343320		0.903		0.944		3632383			10.58
1462		343320		0.903		0.944		4166061			12.135
1478		343320		0.853		0.938		4980647			14.507
1486		343320		0.853		0.938		5230976			15.236
1494		343320		0.857		0.938		5113245			14.894
1354		343320		0.178		1.0		16312275			47.513
1378		343320		0.362		1.0		11622892			33.854
1362		343320		0.963		1.0		2434504			7.091
1370		343320		0.103		0.959		24493055			71.342
1386		343320		0.0		1.0		32993826			96.102
1394		343320		0.962		0.989		3316039			9.659
1474		343320		0.968		0.989		2668550			7.773
1402		343320		0.063		0.775		44406038			129.343
1482		343320		0.22		0.775		31017817			90.347
1410		343320		0.973		1.0		1851604			5.393
1418		343320		0.958		1.0		3073024			8.951
1426		343320		0.518		0.959		12272731			35.747
1434		343320		0.0		0.959		37215421			108.399
1442		343320		0.958		1.0		3073526			8.952
1450		343320		0.0		1.0		32994171			96.103
1458		343320		0.957		0.959		7317936			21.315
1466		343320		0.0		0.0		135954583			396.0
1490		343320		0.957		0.989		4167537			12.139
1498		343319		0.0		0.724		61366611			178.745
1502		1816679		0.999		0.999		9224943			5.078
1506		1816679		0.999		0.999		7408265			4.078
1510		1816679		0.999		0.999		5598077			3.081
1514		1816679		0.999		0.999		3781984			2.082
1518		1816679		0.999		0.999		1965306			1.082
1522		1816679		0.999		0.999		9218873			5.075
1526		1816679		0.999		0.999		7402195			4.075
1530		1816679		0.999		0.999		5592007			3.078
1534		1816679		0.999		0.999		3775914			2.078
1538		1816679		0.999		0.999		1959236			1.078
1542		1816679		0.999		0.999		9212803			5.071
1546		1816679		0.999		0.999		7396021			4.071
1550		1816679		0.999		0.999		5586041			3.075
1554		1816679		0.999		0.999		3769948			2.075
1558		1816679		0.999		0.999		1953270			1.075
1562		1816679		0.999		0.999		9252705			5.093
1566		1816679		0.999		0.999		5640566			3.105
1570		1816679		0.999		0.999		8264954			4.549
1624		1816679		0.999		0.999		9207219			5.068
1640		1816679		0.999		0.999		9207219			5.068
1654		1816679		0.999		0.999		9184692			5.056
1669		1816679		0.999		0.999		9183250			5.055
1683		1816679		0.999		0.999		9160931			5.043
1698		1816679		1.0		1.0		7224223			3.977
1712		1816679		1.0		1.0		5471295			3.012
1729		1816679		1.0		1.0		3675878			2.023
1746		1816679		1.0		1.0		9083235			5.0
1762		1816679		1.0		1.0		9083079			5.0
1778		1816679		1.0		1.0		9083391			5.0
1794		1816679		1.0		1.0		9083391			5.0
1810		1816679		1.0		1.0		9083391			5.0
1623		1816679		1.0		1.0		9083391			5.0
1827		1816679		1.0		1.0		9083391			5.0
1843		1816679		1.0		1.0		1839362			1.012
1639		1816679		0.745		1.0		51199465			28.183
1859		1816679		1.0		1.0		9083287			5.0
1875		1816679		1.0		1.0		9038441			4.975
1682		1816679		0.755		1.0		49614245			27.31
1891		1816679		1.0		1.0		9083391			5.0
1711		1816679		0.998		1.0		9394793			5.171
1745		1816679		0.745		1.0		32337029			17.8
1761		1816679		1.0		1.0		9083391			5.0
1777		1816679		1.0		1.0		9083391			5.0
1653		1816679		1.0		1.0		9083391			5.0
1668		1816679		0.0		1.0		174401089			96.0
1728		1816679		0.0		1.0		174401089			96.0
1906		1816679		1.0		1.0		9083391			5.0
1697		1816679		0.744		0.99		52432714			28.862
1890		1816679		0.99		1.0		9701436			5.34
1809		1816679		0.992		1.0		10350384			5.697
1826		1816679		0.0		1.0		174401089			96.0
1842		1816679		1.0		1.0		9094038			5.006
1858		1816679		0.0		0.755		307144643			169.069
1874		1816679		0.992		1.0		10350384			5.697
1793		1816679		0.0		0.0		719404489			396.0
1911		1		0.0		0.0		1			1.0
1912		1		0.0		0.0		1			1.0
1913		1		1.0		1.0		1			1.0
1914		1		1.0		1.0		1			1.0

Node ID of Long-Latency Access: 1793
Long-Latency Access (cycles): 719404489
Long-Latency Access L2 Hit Rate: 0.0

L1 Hit Rate: 0.869
L2 Hit Rate: 0.971
Total Accesses: 116940191
Total Mem Access Latency (cycles): 2662033066
Avg Mem Access Latency (cycles): 22
Mean # DRAM Accesses Per 1024-cycle Epoch: 5
Median # DRAM Accesses Per 1024-cycle Epoch: 7
Max # DRAM Accesses Per 1024-cycle Epoch: 193

Percent of Total Latency Spent on Memory: 519.197
Percent of Total Latency Spent on Long-Latency Access: 140.311
Percent of Memory Latency Spent on Long-Latency Access: 27.025

