GENERAL STATS
-------------

Average BW : 3.38735 GB/s 
cycles : 302542278
ATOMIC_ADD : 0
ATOMIC_CAS : 0
ATOMIC_FADD : 0
ATOMIC_MIN : 0
LD : 75900208
ST : 41039983
total_instructions : 819753089
l1_load_hits : 431699171
l1_load_misses : 244414808
l2_load_hits : 10691572
l2_load_misses : 2700012
L1 Miss Rate: 36.4047%
L2 Miss Rate: 20.9819%
cache_access : 757629378
dram_accesses : 8006371
global_energy : 0.655926 Joules
global_avg_power : 6.93776 Watts
Average Global Simulation Speed: 220569 Instructions per sec 

Total Number of Compute Instructions: 702812898
Total Number of Memory Instructions: 116940191
Percent of Instructions Spent on Memory: 14.265
Percent of Instructions Spent on Loads: 9.259
Percent of Instructions Spent on Stores: 5.006
Percent of Memory Instructions Spent on Loads: 64.905
Percent of Memory Instructions Spent on Stores: 35.095

Calculated L1 Miss Rate: 36.15
Calculated LLC Miss Rate: 0.399
Calculated Compute to Memory Ratio: 6.01
Calculated IPC: 2.71

MEMORY ACCESS STATS
-------------------

Node ID		# Executions	L1 Hit Rate	L2 Hit Rate	Total Mem Latency	Average Mem Latency
1		1		0.0		0.0		1			1.0
5		1		0.0		0.0		1			1.0
1340		1		0.0		0.0		1			1.0
1342		1		0.0		0.0		1			1.0
1357		2159999		0.956		0.97		24283472			11.242
1364		343320		0.894		0.917		6949081			20.241
1372		343320		0.894		0.917		6789017			19.775
1380		343320		0.894		0.917		6725393			19.589
1388		343320		0.855		0.905		7962460			23.193
1396		343320		0.855		0.906		7728401			22.511
1404		343320		0.855		0.906		8000417			23.303
1412		343320		0.855		0.906		7834446			22.82
1353		2159999		0.945		0.964		24649615			11.412
1428		343320		0.848		0.907		7704370			22.441
1420		343320		0.848		0.906		7873358			22.933
1436		343320		0.848		0.907		7493712			21.827
1444		343320		0.848		0.908		7773346			22.642
1452		343320		0.841		0.908		7946459			23.146
1460		343320		0.841		0.908		7598585			22.133
1468		343320		0.841		0.908		7232737			21.067
1476		343320		0.841		0.908		7952321			23.163
1484		343320		0.83		0.898		8634649			25.15
1492		343320		0.83		0.899		8375691			24.396
1500		343320		0.83		0.899		8766396			25.534
1360		343320		0.107		1.0		20412600			59.456
1384		343320		0.244		1.0		16333511			47.575
1368		343320		0.963		1.0		2471048			7.198
1376		343320		0.105		0.959		26975878			78.574
1392		343320		0.0		1.0		32995274			96.106
1400		343320		0.957		0.989		3281296			9.558
1480		343320		0.968		0.989		2741796			7.986
1408		343320		0.1		0.775		46059323			134.159
1488		343320		0.251		0.775		37390255			108.908
1416		343320		0.979		1.0		1970254			5.739
1424		343320		0.958		1.0		3074554			8.955
1432		343320		0.41		0.959		14926516			43.477
1440		343320		0.0		0.959		37217248			108.404
1448		343320		0.958		1.0		3075781			8.959
1456		343320		0.0		1.0		32996197			96.109
1464		343320		0.957		0.959		7319878			21.321
1472		343320		0.0		0.0		135956770			396.006
1496		343320		0.957		0.989		4169995			12.146
1504		343320		0.0		0.724		61369733			178.754
1508		1816679		0.999		0.999		9337958			5.14
1512		1816679		0.999		0.999		7523900			4.142
1516		1816679		0.999		0.999		5707222			3.142
1520		1816679		0.999		0.999		3985511			2.194
1524		1816679		0.999		0.999		2172128			1.196
1528		1816679		0.999		0.999		9333100			5.137
1532		1816679		0.999		0.999		7516482			4.137
1536		1816679		0.999		0.999		5702764			3.139
1540		1816679		0.999		0.999		3975956			2.189
1544		1816679		0.999		0.999		2161838			1.19
1548		1816679		0.999		0.999		9328675			5.135
1552		1816679		0.999		0.999		7490529			4.123
1556		1816679		0.999		0.999		5306868			2.921
1560		1816679		0.999		0.999		4497950			2.476
1564		1816679		0.999		0.999		2795882			1.539
1568		1816679		0.999		0.999		8589035			4.728
1572		1816679		0.999		0.999		4554362			2.507
1576		1816679		0.999		0.999		2738004			1.507
1630		1816679		0.999		0.999		9355835			5.15
1646		1816679		0.999		0.999		9355835			5.15
1660		1816679		0.999		0.999		9320386			5.13
1675		1816679		0.999		0.999		9259212			5.097
1689		1816679		0.999		0.999		2294059			1.263
1704		1816679		1.0		1.0		8968211			4.937
1718		1816679		1.0		1.0		7151853			3.937
1735		1816679		1.0		1.0		4958175			2.729
1752		1816679		1.0		1.0		3223235			1.774
1768		1816679		1.0		1.0		3842107			2.115
1784		1816679		1.0		1.0		8527871			4.694
1800		1816679		1.0		1.0		6364912			3.504
1816		1816679		1.0		1.0		3056688			1.683
1645		1816679		0.745		1.0		51181093			28.173
1629		1816679		1.0		1.0		9080563			4.998
1833		1816679		1.0		1.0		9083391			5.0
1849		1816679		1.0		1.0		3661169			2.015
1865		1816679		1.0		1.0		8914343			4.907
1688		1816679		0.755		1.0		49614245			27.31
1881		1816679		1.0		1.0		8261888			4.548
1717		1816679		0.996		1.0		9461757			5.208
1897		1816679		1.0		1.0		9064232			4.989
1751		1816679		0.745		1.0		28387313			15.626
1767		1816679		1.0		1.0		9083391			5.0
1783		1816679		1.0		1.0		9083391			5.0
1659		1816679		1.0		1.0		9083391			5.0
1674		1816679		0.0		1.0		174401089			96.0
1734		1816679		0.0		1.0		174401089			96.0
1912		1816679		1.0		1.0		9083391			5.0
1815		1816679		0.992		1.0		10350384			5.697
1832		1816679		0.0		1.0		174401089			96.0
1848		1816679		1.0		1.0		9094038			5.006
1864		1816679		0.0		0.755		307420009			169.221
1703		1816679		0.002		0.745		129649540			71.366
1880		1816679		0.992		1.0		10350384			5.697
1896		1816679		0.744		0.99		37508544			20.647
1799		1816679		0.0		0.0		719404489			396.0
1918		1		0.0		0.0		1			1.0
1919		1		0.0		0.0		1			1.0
1920		1		1.0		1.0		1			1.0
1921		1		1.0		1.0		1			1.0

Node ID of Long-Latency Access: 1799
Long-Latency Access (cycles): 719404489
Long-Latency Access L2 Hit Rate: 0.0

L1 Hit Rate: 0.851
L2 Hit Rate: 0.965
Total Accesses: 116940192
Total Mem Access Latency (cycles): 2837451860
Avg Mem Access Latency (cycles): 24
Mean # DRAM Accesses Per 1024-cycle Epoch: 9
Median # DRAM Accesses Per 1024-cycle Epoch: 13
Max # DRAM Accesses Per 1024-cycle Epoch: 209

Percent of Total Latency Spent on Memory: 937.87
Percent of Total Latency Spent on Long-Latency Access: 237.786
Percent of Memory Latency Spent on Long-Latency Access: 25.354

